6,4,9,6,10,2,8,2,6,2,6,2,10,7,12,
8,2,1,12,12,15,7,1,1,11,1,7,4,10,8,
10,8,5,3,9,2,10,9,2,9,5,10,9,7,6,
15,15,9,11,4,14,10,6,3,11,4,15,6,5,3,
1,13,6,7,3,1,2,4,8,7,5,2,12,14,12,
6,6,13,14,13,5,12,2,6,13,5,1,12,3,10,
6,7,9,15,13,15,9,1,6,4,10,1,11,3,10,
3,15,7,9,11,15,11,8,12,8,9,8,2,4,1,
1,5,10,12,8,3,6,14,13,7,6,1,2,14,6,
4,12,1,8,4,9,1,13,7,15,13,7,1,10,12,
2,8,6,7,14,5,13,12,13,9,11,1,3,15,1,
13,6,8,8,1,7,2,6,6,15,12,2,15,1,11,
15,8,13,3,15,1,1,15,6,1,3,1,9,7,15,
12,14,14,15,12,4,14,14,10,4,10,5,5,6,15,
3,13,13,1,7,5,14,2,10,4,10,11,13,12,12,
